version https://git-lfs.github.com/spec/v1
oid sha256:052ce48bbf5351179343fd273d0f9fb1f97b9c5449e238bedc342206d46d443b
size 894369
